sequence,symbol,name,start,end,strand,pct_identity,pct_cov
seq_98,blaTEM-1,broad-spectrum class A beta-lactamase TEM-1,738,1595,+,100.0,100.0
seq_98,tet(C),tetracycline efflux MFS transporter Tet(C),3617,4237,-,100.0,52.27
