sequence,qseqid,ori_type,pct_identity,pct_cov_subject,q_start,q_end,strand,qlen,sstart,send,slen,length,bitscore,evalue
seq_11,seq_11,ColE1,99.83,100.0,2566,3154,+,7350,1,589,589,589,1058,0.0
