sequence,symbol,name,start,end,strand,pct_identity,pct_cov
seq_35,blaTEM-116,broad-spectrum class A beta-lactamase TEM-116,1185,2042,+,100.0,100.0
