sequence,qseqid,ori_type,pct_identity,pct_cov_subject,q_start,q_end,strand,qlen,sstart,send,slen,length,bitscore,evalue
seq_98,seq_98,ColE1,99.83,100.0,1973,2561,+,6612,1,589,589,589,1058,0.0
